%02 Novembre: phantom 10, diametro 22
%% acquisizione 1: buco 6cm 
baseline1=[997.35,988.03,1011.12,994.71,978.71,994.62,995.66,991.76,987.50,982.13;
2204.81,2158.24,2107.82,1921.97,2020.28,2073.08,1999.59,1994.08,1978.31,1931.93;
2950.20,2570.53,3005.06,2887.02,2932.75,2994.77,3001.70,2950.51,3017.15,2967.16;
4189.84,4465.59,4022.80,4278.12,3647.77,3552.97,3351.95,3411.51,3170.27,3117.32;
3838.73,3276.34,3729.02,3124.46,3508.89,3548.79,3328.49,3260.76,2938.03,2949.70;
4253.58,4368.53,4512.98,4012.92,4645.89,4453.14,4346.24,4315.26,3900.27,3950.23;
4589.29,3755.95,4335.06,3514.00,3806.71,3684.13,3625.97,3595.85,3263.65,3129.89;
3807.17,3238.88,4083.88,3983.97,4036.71,3963.55,3851.86,3993.42,3565.71,3534.28;
4088.88,3531.39,4356.00,4610.96,4476.41,4363.82,4357.88,3964.46,3680.36,3598.21;
3281.93,2810.21,3366.83,3221.90,3476.37,3412.88,3332.81,3311.99,3082.12,3117.32;
2447.37,2313.37,2419.15,2377.83,2410.16,2405.81,2446.40,2411.28,2370.14,2293.33;
1190.78,1253.98,1280.56,1325.22,1339.87,1378.75,1421.26,1471.96,1466.69,1513.85;
849.53,786.56,822.08,813.44,802.48,804.44,801.84,796.28,778.88,784.59;
777.31,734.48,763.33,754.16,752.37,763.26,755.81,744.16,736.30,735.48;
1517.03,1380.17,1551.93,1519.69,1529.37,1551.66,1584.64,1555.51,1586.69,1616.74;
2960.01,2768.86,3091.46,2868.84,2806.88,2810.99,2752.16,2807.85,2682.37,2651.40;
2780.26,2487.08,2699.83,2786.60,2723.91,2754.75,2769.74,2891.32,2844.42,2910.58;
3384.90,3249.43,3497.59,3716.39,3674.91,3556.29,3650.85,3720.05,3571.20,3727.25;
4029.59,3165.44,3900.51,3993.55,3476.37,3510.47,3497.18,3463.68,3493.12,3443.98;
3829.44,4157.84,4039.28,3506.44,3925.46,4036.49,4078.38,3891.57,4110.47,4126.51;
4439.94,4240.67,4717.51,4288.11,4897.70,5141.91,4931.18,4958.82,4763.08,4581.80;
3812.81,3822.33,4155.24,4518.41,4096.95,4308.01,4144.84,4032.56,4146.05,4035.79;
3310.73,2804.41,3264.79,3336.55,3051.14,3258.54,3143.77,3170.10,3024.06,3173.43;
1848.27,1961.88,2023.15,2171.59,2170.02,2196.03,2234.42,2265.25,2330.97,2476.18;
2072.56,1891.01,2002.79,2029.90,1939.68,1931.29,1940.59,1949.98,1822.89,1888.55;
988.34,901.63,962.64,963.26,951.91,968.38,955.86,919.66,922.26,914.35;
819.03,783.41,824.50,820.91,827.12,842.87,843.55,843.14,840.36,845.62;
1947.22,1826.59,1909.27,1727.40,1802.23,1770.58,1797.21,1745.21,1669.82,1638.53;
2486.41,2647.76,2459.57,2595.41,2416.34,2459.28,2490.83,2410.37,2382.63,2436.01;
3348.38,2904.80,3481.56,3685.58,3465.30,3379.65,3488.92,3416.30,3209.78,3227.31;
4512.41,4964.68,4166.70,4002.18,3751.24,3554.89,3363.40,3266.29,3121.65,3027.69;
4587.02,3858.67,4814.39,4298.17,4606.95,4359.95,4120.06,4011.60,3733.23,3697.53;
5933.91,6967.59,6576.95,7413.70,5598.32,5503.00,5181.22,4657.60,3751.29,3587.13;
5198.31,4979.11,5838.86,6068.29,5670.05,5161.05,4693.16,4308.71,3727.42,3331.84;
5661.32,4871.63,4695.91,4177.29,3877.36,3630.84,3526.89,3420.93,2879.88,2748.40;
3080.99,3975.21,3712.25,3284.81,3246.09,3074.10,2839.41,2644.66,2478.76,2236.27;
3410.28,3471.13,3822.78,4111.96,3466.60,3434.26,3223.56,3245.38,2881.16,2792.42;
2665.16,2516.23,2503.48,2582.79,2384.67,2372.86,2354.91,2346.91,2254.38,2247.93;
1019.88,963.13,1025.65,988.91,1024.47,1044.80,1035.06,1033.54,1014.13,1021.92;
953.71,905.88,939.92,903.95,915.59,922.17,897.77,897.69,877.83,866.57;
1568.06,1481.26,1565.83,1445.89,1542.93,1582.56,1585.65,1611.12,1613.38,1667.20;
2618.31,2295.89,2692.22,2616.50,2631.13,2726.79,2728.74,2716.72,2705.56,2817.43;
3788.26,3366.15,3632.58,3616.01,3387.78,3319.29,3382.76,3158.67,3452.09,3396.02;
4369.56,3805.84,4537.66,5171.62,4524.32,4668.44,4590.29,4250.46,4501.91,4682.33;
5949.55,5333.84,6628.05,7270.64,6329.61,6181.00,6548.12,5919.87,5870.62,6122.26;
5755.43,6610.66,6530.10,6413.45,6423.49,5781.48,6382.43,6535.27,6069.52,5892.91;
6262.59,4538.76,5650.34,5860.24,4820.86,4874.48,4540.76,4809.24,4394.80,4510.09;
3260.78,3832.20,3828.16,4206.25,3737.13,3966.70,4014.23,4101.04,4152.12,4093.66;
5083.23,7442.00,6478.20,6605.10,5650.98,5421.22,5405.44,5467.70,5133.43,4802.70;
4331.76,3560.16,4191.81,4326.20,3934.91,3722.06,3779.69,3907.11,3772.73,3654.49;
1980.40,2033.07,2028.19,1871.91,2007.78,2012.89,2009.93,1940.30,2000.90,2000.08;
764.31,739.85,750.72,749.44,753.35,758.73,755.39,737.11,745.97,743.89;
710.51,675.75,704.89,679.04,701.31,714.29,716.71,717.92,710.79,724.04;
1677.42,1525.70,1675.61,1553.33,1615.75,1649.55,1651.78,1660.52,1639.08,1635.18;
2971.06,2878.69,2860.09,2635.42,2647.67,2634.24,2694.71,2791.73,2735.38,2752.98;
3652.80,3903.49,3922.87,4166.62,3739.78,3812.95,3784.93,3942.43,3696.53,3624.68;
5492.65,4796.09,5780.83,6398.83,5674.31,5745.72,5653.50,5355.38,4913.53,4650.44;
5759.92,5706.74,6323.99,6719.02,5846.15,5773.23,5659.34,5610.76,4935.98,4526.94;
6800.73,4687.28,5813.26,5216.71,4727.25,4828.72,4328.79,4333.67,3855.39,3613.14;
3562.22,3894.21,4268.81,4805.67,4107.70,4115.24,3759.37,3830.98,3397.98,3298.73;
5217.71,6810.33,6494.35,6872.33,5603.11,5722.25,5219.24,5371.29,4596.69,4154.44;
5307.45,4359.75,5067.00,5055.33,4540.27,4590.10,4214.66,4283.17,3799.94,3727.00;
2902.24,2860.12,2931.19,3133.84,3053.79,2962.39,2997.34,2789.49,2877.11,2831.36;
1592.37,1480.56,1558.01,1491.54,1552.70,1564.05,1592.70,1542.23,1577.83,1555.32;
833.80,773.45,828.40,796.33,820.91,827.50,837.22,824.08,821.95,823.66;
933.40,905.14,923.67,923.63,917.95,934.88,933.65,904.81,921.27,910.83;
2114.22,2177.09,2127.74,2178.01,2086.10,2118.96,2158.49,2106.31,2221.83,2259.25;
3234.32,3008.25,3467.90,3057.95,3320.64,3378.30,3430.61,3230.94,3419.78,3335.84;
5196.11,4537.66,5637.70,6118.62,5411.36,5864.43,5761.51,5301.44,5338.85,4842.09;
5561.53,6197.50,6576.95,7777.08,6373.51,6091.13,6007.11,5703.30,5468.01,4786.18;
7236.61,5967.89,6434.40,6651.37,5219.11,4929.94,4683.18,4145.61,4095.63,3812.29;
3873.13,5100.75,4721.00,4938.39,4485.87,4187.88,4060.97,3965.80,3661.76,3480.92;
5370.12,7183.64,7430.94,9585.00,6848.16,6491.38,5984.49,6177.27,4971.89,4771.86;
6390.70,6038.12,6867.71,7065.88,5809.16,5431.17,5150.08,4608.47,4706.56,4331.37;
3986.40,4542.05,4090.96,4426.05,4167.27,4036.49,4054.77,3859.56,3691.34,3598.21;
2700.84,2429.85,2744.52,2740.65,2760.52,2755.23,2858.07,2844.80,2863.67,2886.06;
1970.34,1826.09,2017.51,2093.99,2001.75,2070.83,2007.12,2048.08,2011.13,2001.77;
918.62,882.51,905.58,908.87,919.64,934.76,919.99,911.61,906.89,902.50;
918.99,941.31,973.45,970.38,981.29,1010.62,1033.80,1063.66,1064.49,1085.70;
1977.09,1786.51,1999.44,1991.95,1902.33,1929.73,1860.87,1795.01,1797.02,1754.63;
3536.26,3739.68,3712.44,3927.18,3048.48,3025.01,2897.00,2999.37,2726.99,2740.27;
4406.34,4349.42,4699.74,4855.83,3993.12,3695.66,3287.74,3030.09,2545.64,2308.22;
6186.90,5399.12,4367.97,4275.63,3608.71,3307.96,2842.09,2564.97,2293.04,2103.53;
4071.29,5021.65,3541.61,2706.94,2509.84,2271.66,2020.96,1774.98,1620.24,1526.48;
4526.53,5021.65,4317.98,3665.07,3379.18,3096.72,2724.82,2482.23,2187.92,1989.53;
5144.07,4593.87,4635.80,4638.47,3889.22,3475.16,3192.66,2949.19,2745.41,2526.61;
4367.59,3770.96,4138.63,3450.27,3525.66,3392.19,3165.05,2938.66,2738.40,2357.69;
3165.32,3083.50,3248.70,3133.35,3170.62,2929.27,2792.39,2724.94,2488.08,2314.69;
2726.00,2824.29,2769.08,2790.47,2523.25,2478.07,2380.62,2216.95,2093.66,1980.33;
1645.53,1591.92,1727.18,1793.60,1748.23,1772.57,1777.51,1761.51,1764.85,1773.48;
737.38,710.45,751.39,729.06,757.25,768.96,775.32,755.39,774.75,765.61;
848.66,820.25,875.52,852.31,855.30,858.40,852.39,849.59,838.18,833.92;
2183.27,2070.23,2376.72,2456.50,2268.77,2277.48,2300.72,2261.06,2249.32,2274.80;
3263.92,3071.53,3702.64,3763.78,3228.78,3434.11,3314.30,3245.67,3152.18,3337.05;
4523.62,4809.96,5176.81,5318.30,4402.49,4182.75,4093.79,3905.06,3714.05,3962.12;
5160.71,5917.82,6106.55,5758.23,5006.93,4152.61,4544.16,3012.91,3121.79,3268.55;
9852.88,17529.16,12379.85,17209.09,8908.44,8852.48,7820.70,8475.96,7162.45,6741.25;
7826.35,7223.12,7953.30,8736.59,7778.90,7311.72,7090.17,7318.41,6302.40,6346.86;
