data1=[1160.83,1758.70,1667.59,1854.72,1057.92,1001.29,1443.08,2155.17,1679.03,1063.69,966.98,1923.16,1972.63,1709.14,1102.60,1346.78,1814.84,1892.87,1647.50,950.15,887.93,1500.68,1746.82,1399.64,979.69,1197.08,1876.78,2015.81,2059.01,1402.81,1014.91,1545.87,1832.51,1632.91,842.67,1071.65,1973.01,2215.57,1563.21,1237.48;
1167.98,1762.14,1641.07,1854.53,1066.80,1017.33,1461.32,2218.15,1717.41,1022.06,991.10,1887.02,1817.67,1550.43,1076.39,1279.51,1455.91,1451.68,1319.08,901.64,858.70,1098.78,1071.61,973.99,904.42,1161.57,1424.88,1345.12,1491.19,1289.38,983.45,1113.93,1292.52,1262.10,816.34,997.38,1392.84,1406.20,1119.32,1206.60;
1067.98,1264.00,1057.40,1384.37,1011.76,974.21,1027.69,1441.66,1253.92,948.21,929.94,1490.76,1331.11,1247.68,1016.40,1228.25,1283.43,1260.97,1183.68,897.16,853.29,1108.74,1134.42,1033.01,941.48,1204.99,1515.68,1424.96,1555.19,1281.50,985.63,1141.02,1340.76,1255.24,782.41,1025.86,1559.50,1631.88,1246.82,1240.17;
1094.56,1435.30,1253.28,1540.01,1035.29,974.42,1140.59,1647.33,1424.93,1002.65,916.17,1639.85,1576.51,1425.39,1059.42,1266.69,1444.74,1491.19,1363.04,897.16,873.33,1254.52,1330.99,1165.71,934.08,1168.48,1609.87,1601.27,1697.22,1338.77,962.48,1216.12,1476.61,1368.36,784.18,1041.67,1681.27,1743.53,1300.82,1217.81;
1130.51,1524.67,1343.54,1604.72,1032.62,999.02,1216.81,1748.77,1476.77,1004.69,921.17,1717.81,1619.57,1467.85,1054.99,1302.69,1548.49,1572.78,1446.67,923.58,853.37,1343.97,1460.43,1269.18,946.00,1165.72,1712.98,1799.15,1802.72,1346.68,970.30,1269.67,1391.77,1213.00,798.38,1012.11,1406.66,1410.15,1112.19,1210.77;
1078.21,1272.15,1057.55,1399.00,1015.08,967.15,992.68,1374.14,1231.11,957.68,898.93,1467.82,1335.87,1260.02,1031.31,1271.12,1313.42,1271.85,1204.79,897.62,856.52,1082.60,1068.00,978.21,904.13,1169.56,1408.72,1329.49,1481.71,1305.40,983.81,1155.49,1210.69,1262.63,795.68,982.48,1364.84,1357.49,1091.80,1184.05;
1078.21,1271.50,1061.78,1398.70,1015.07,962.94,1001.38,1373.20,1204.79,961.54,899.34,1472.32,1342.25,1261.94,1028.30,1250.69,1306.98,1300.82,1217.81,904.89,850.37,1093.45,1078.17,970.59,907.92,1164.59,1414.57,1339.90,1491.19,1299.27,967.12,1106.65,1296.34,1260.26,813.00,997.38,1391.53,1399.59,1109.81,1202.38;
1078.21,1279.37,1062.77,1390.79,1010.27,954.72,992.63,1360.13,1203.67,963.95,898.80,1444.74,1329.90,1267.50,1025.22,1265.02,1301.19,1273.74,1211.26,904.75,854.83,1083.40,1066.27,973.74,905.00,1169.05,1405.87,1326.67,1494.20,1288.05,975.52,1126.73,1290.93,1258.08,826.87,994.65,1408.28,1416.04,1112.19,1208.79;
1077.22,1265.67,1057.22,1390.61,1014.91,962.46,997.02,1378.77,1202.59,956.12,906.27,1449.48,1347.07,1258.84,1022.90,1264.38,1298.92,1284.68,1211.39,908.30,851.61,1083.39,1076.72,973.74,904.75,1164.59,1417.47,1338.60,1491.28,1288.01,983.29,1121.00,1286.63,1245.01,823.85,993.06,1397.54,1397.54,1116.39,1220.59;
1083.40,1279.06,1067.41,1381.22,1010.51,967.15,997.11,1380.55,1211.11,965.65,899.34,1470.10,1345.12,1260.02,1029.84,1264.72,1292.03,1294.05,1211.39,901.21,854.11,1082.79,1062.85,981.65,907.76,1157.71,1417.47,1329.49,1498.16,1296.68,979.18,1114.21,1292.03,1276.90,816.28,1000.04,1405.87,1416.04,1119.32,1213.00;
1073.07,1278.71,1062.00,1390.37,1015.04,967.15,997.07,1374.14,1211.26,961.76,919.12,1449.48,1346.49,1260.02,1035.26,1264.72,1298.92,1294.05,1217.93,904.83,869.68,1087.61,1072.97,977.69,907.41,1161.57,1418.85,1329.49,1491.19,1305.40,988.02,1125.33,1299.46,1255.61,810.34,1002.62,1387.34,1403.90,1127.58,1219.46;
1078.17,1278.71,1062.00,1398.70,1010.48,967.12,997.07,1356.77,1204.22,953.82,895.38,1449.48,1343.71,1253.28,1034.51,1257.67,1292.03,1294.33,1217.93,908.54,857.09,1087.36,1067.95,969.56,907.92,1161.57,1416.04,1323.10,1484.18,1306.69,983.45,1114.91,1337.94,1270.23,819.10,1000.76,1409.82,1411.37,1115.40,1224.82;
1067.98,1315.57,1061.78,1398.70,1006.01,975.45,992.68,1366.74,1211.26,961.76,899.34,1453.82,1354.47,1253.28,1034.51,1250.37,1306.43,1294.56,1211.39,904.98,857.09,1082.39,1067.95,982.21,903.96,1162.60,1435.30,1343.71,1472.35,1305.40,995.46,1125.83,1292.03,1270.23,816.04,1001.15,1411.40,1411.45,1117.54,1224.93;
1078.20,1279.64,1062.00,1398.70,1019.66,967.15,1001.45,1371.16,1231.11,965.65,899.34,1463.01,1342.25,1251.37,1030.58,1250.98,1291.50,1301.52,1211.39,916.04,850.37,1082.39,1062.96,977.69,904.13,1169.56,1414.57,1337.26,1474.78,1296.68,983.11,1101.67,1297.71,1260.26,810.60,994.62,1390.02,1395.80,1118.75,1202.38]';

